-1.035450339317321777e+00 -4.654030129313468933e-02 -4.127589240670204163e-02 -6.155689358711242676e-01
1.203106880187988281e+00 2.555624961853027344e+00 3.088386058807373047e-01 -4.286061525344848633e-01
1.559274047613143921e-01 -6.334608793258666992e-01 7.996269464492797852e-01 -1.261672258377075195e+00
7.703870534896850586e-01 -1.184406638145446777e+00 -9.002029895782470703e-02 1.508563905954360962e-01
2.574631214141845703e+00 -4.815479516983032227e-01 -1.102812767028808594e+00 5.888559818267822266e-01
8.521899580955505371e-01 -1.763288140296936035e+00 -1.370559811592102051e+00 -4.438953995704650879e-01
8.882625699043273926e-01 2.254198044538497925e-01 -5.988178849220275879e-01 -6.937336921691894531e-01
-1.638283580541610718e-01 -2.351842522621154785e-01 6.288129687309265137e-01 3.327006399631500244e-01
-5.665580183267593384e-02 4.680965542793273926e-01 2.261378914117813110e-01 6.307260394096374512e-01
4.474524259567260742e-01 -5.418465137481689453e-01 -2.104114592075347900e-01 5.961534753441810608e-02
2.677139267325401306e-02 1.741592764854431152e+00 5.789900422096252441e-01 8.698685169219970703e-01
-3.390099406242370605e-01 1.422564744949340820e+00 9.400375485420227051e-01 -6.060360074043273926e-01
7.047066092491149902e-01 1.640839099884033203e+00 2.064762115478515625e-01 -1.090521812438964844e+00
2.111001491546630859e+00 -5.668232440948486328e-01 4.765013754367828369e-01 1.710532784461975098e+00
6.182197332382202148e-01 -1.518362641334533691e+00 5.227580666542053223e-01 -4.390578269958496094e-01
-2.283907890319824219e+00 -1.300742745399475098e+00 4.827723801136016846e-01 -3.102959096431732178e-01
1.364682763814926147e-01 2.684741914272308350e-01 -7.346903085708618164e-01 -3.535959720611572266e-01
9.975721836090087891e-01 2.023250102996826172e+00 5.582683086395263672e-01 -1.228277564048767090e+00
-8.955016136169433594e-01 1.327271699905395508e+00 2.321649938821792603e-01 1.004398822784423828e+00
4.979395568370819092e-01 4.069066643714904785e-01 1.306389093399047852e+00 4.397655427455902100e-01
-1.154791831970214844e+00 1.880441009998321533e-01 9.466460943222045898e-01 -3.948692381381988525e-01
-3.847302496433258057e-01 -5.050814151763916016e-01 1.348222722299396992e-03 -1.760934293270111084e-01
-1.706268787384033203e+00 7.077571749687194824e-01 1.720514535903930664e+00 4.047326147556304932e-01
1.119469165802001953e+00 -3.329913914203643799e-01 1.922634392976760864e-01 -5.401526689529418945e-01
-1.203966736793518066e+00 -1.750799298286437988e+00 -2.810202836990356445e-01 -5.951015949249267578e-01
7.770467400550842285e-01 3.205954551696777344e+00 7.777145504951477051e-01 -1.968278586864471436e-01
-1.726829558610916138e-01 -1.931867599487304688e-01 -3.017444610595703125e-01 -5.937585830688476562e-01
-7.482604980468750000e-01 -4.168988391757011414e-02 -2.070434838533401489e-01 4.562834203243255615e-01
-3.421477973461151123e-03 -1.788672685623168945e+00 -5.510746836662292480e-01 -3.396318256855010986e-01
-2.225882291793823242e+00 -1.288294911384582520e+00 -1.552627444267272949e+00 -1.277322530746459961e+00
-9.823705554008483887e-01 5.514931678771972656e-01 -8.301454782485961914e-01 3.370504826307296753e-02
-1.924081295728683472e-01 -4.951128661632537842e-01 5.390250682830810547e-01 8.755258321762084961e-01
-4.439533054828643799e-01 6.667204499244689941e-01 8.272683620452880859e-01 -9.019353985786437988e-02
3.318700790405273438e-01 -1.219883337616920471e-01 2.892684936523437500e-01 -7.230340242385864258e-01
1.656985044479370117e+00 -6.213758587837219238e-01 4.642373025417327881e-01 4.615105986595153809e-01
1.203222751617431641e+00 2.405160069465637207e-01 -1.179824709892272949e+00 9.259694814682006836e-01
3.238072395324707031e+00 -1.461811177432537079e-02 7.001585364341735840e-01 -1.433432936668395996e+00
-1.007818341255187988e+00 1.345938205718994141e+00 8.099895715713500977e-01 -8.226088881492614746e-01
2.748191118240356445e+00 1.282204985618591309e-01 3.951206505298614502e-01 5.875785946846008301e-01
-9.934048056602478027e-01 2.810416221618652344e-01 -3.651829361915588379e-01 -1.845828294754028320e+00
-2.277075499296188354e-01 -8.192580342292785645e-01 1.571839451789855957e+00 -7.729297876358032227e-01
2.015599966049194336e+00 -2.078700810670852661e-01 8.555266074836254120e-03 -1.815695911645889282e-01
1.714221715927124023e+00 9.876916408538818359e-01 -6.614267230033874512e-01 -5.787853598594665527e-01
3.035113215446472168e-02 4.480436444282531738e-01 7.230607271194458008e-01 9.644665718078613281e-01
-5.786594152450561523e-01 -6.810926795005798340e-01 -2.794737517833709717e-01 9.464904069900512695e-01
-1.612806558609008789e+00 -9.520185589790344238e-01 -3.355955481529235840e-01 8.090361207723617554e-02
1.218470573425292969e+00 -1.074432492256164551e+00 -1.972416639328002930e-01 -1.912053525447845459e-01
1.603664755821228027e-01 -1.922780156135559082e+00 -1.027190566062927246e+00 6.056901812553405762e-01
2.128467522561550140e-02 -2.363972514867782593e-01 -3.048114776611328125e-01 2.968100905418395996e-01
-7.104316949844360352e-01 -2.675526738166809082e-01 -2.331924587488174438e-01 1.404907852411270142e-01
-4.663656949996948242e-01 -1.556779257953166962e-02 -1.108883142471313477e+00 -1.137509942054748535e+00
-7.207731008529663086e-01 -1.059286594390869141e+00 -2.541568577289581299e-01 -3.430641889572143555e-01
3.714550137519836426e-01 -1.258054733276367188e+00 -1.259452581405639648e+00 7.763638496398925781e-01
1.106304645538330078e+00 2.663561999797821045e-01 7.520185708999633789e-01 1.525693416595458984e+00
2.365005016326904297e-02 1.675350308418273926e+00 -2.428412139415740967e-01 6.090424656867980957e-01
6.936220526695251465e-01 -2.712436318397521973e-01 -6.618479490280151367e-01 -1.155433177947998047e+00
-7.036684155464172363e-01 1.249794006347656250e+00 1.930610179901123047e+00 1.918081879615783691e+00
1.109500169754028320e+00 9.279562830924987793e-01 -4.223236441612243652e-01 1.364248245954513550e-01
4.424434900283813477e-01 -1.228973507881164551e+00 1.649126887321472168e+00 1.121767759323120117e+00
-6.055821776390075684e-01 4.023875236511230469e+00 -1.198599934577941895e+00 2.588566243648529053e-01
-5.706865340471267700e-02 -2.457568198442459106e-01 -6.039476022124290466e-02 -1.280018687248229980e-01
-5.611445903778076172e-01 -3.693399131298065186e-01 -4.314846992492675781e-01 -1.139633893966674805e+00
2.577100992202758789e-01 -5.687507987022399902e-01 -1.867655396461486816e+00 -5.061297416687011719e-01
1.208726406097412109e+00 4.302570521831512451e-01 1.032826602458953857e-01 8.483458161354064941e-01
6.684062480926513672e-01 1.117709651589393616e-01 4.959759712219238281e-01 1.251929283142089844e+00
6.894334554672241211e-01 1.171108722686767578e+00 8.168581873178482056e-02 -1.206967234611511230e+00
-1.556356430053710938e+00 -1.029246211051940918e+00 -3.113130629062652588e-01 3.470877110958099365e-01
5.605993866920471191e-01 3.028658926486968994e-01 -1.310669541358947754e+00 1.823519110679626465e+00
7.959083914756774902e-01 -1.632368683815002441e+00 3.520213961601257324e-01 1.248195767402648926e+00
-1.416137628257274628e-02 -3.594447374343872070e-01 4.586002230644226074e-01 7.333809137344360352e-01
-1.019041061401367188e+00 -3.179797232151031494e-01 2.126342207193374634e-01 3.408025205135345459e-01
2.402064204216003418e-01 4.030859768390655518e-01 1.820181369781494141e+00 9.209800958633422852e-01
-1.549702763557434082e+00 3.654069900512695312e-01 1.497859477996826172e+00 5.099015235900878906e-01
-8.225482702255249023e-01 1.269008994102478027e+00 -6.042233109474182129e-01 7.052592635154724121e-01
-1.954978704452514648e+00 2.031766891479492188e+00 9.252473711967468262e-01 -1.667290180921554565e-01
6.492514014244079590e-01 7.500798702239990234e-01 1.085171341896057129e+00 -5.374746322631835938e-01
4.169768393039703369e-01 2.998354434967041016e+00 8.738887906074523926e-01 3.674232661724090576e-01
1.292708277702331543e+00 -1.622238636016845703e+00 1.174525141716003418e+00 1.280512452125549316e+00
7.214609384536743164e-01 -7.542104721069335938e-01 7.459950447082519531e-01 -5.842781066894531250e-02
7.785767912864685059e-01 7.319499254226684570e-01 1.422570347785949707e+00 1.277696728706359863e+00
-6.063471436500549316e-01 -7.942725419998168945e-01 -2.477195262908935547e-01 -3.732276856899261475e-01
-2.274478673934936523e-01 2.509157955646514893e-01 -1.151299327611923218e-01 1.416832208633422852e-01
-3.383108675479888916e-01 -9.452630281448364258e-01 6.321441531181335449e-01 7.561957240104675293e-01
-2.614734888076782227e+00 -5.129740238189697266e-01 -3.496015965938568115e-01 -2.184005640447139740e-02
-7.034476995468139648e-01 -8.549072146415710449e-01 -5.721751451492309570e-01 -4.827986657619476318e-01
-3.615929484367370605e-01 -1.399257034063339233e-01 -9.944235682487487793e-01 -3.636561334133148193e-01
8.780309557914733887e-01 -6.991470456123352051e-01 1.134046912193298340e+00 9.797503352165222168e-01
-1.969779133796691895e+00 -5.069329142570495605e-01 -9.648537635803222656e-01 -7.671028375625610352e-01
-6.169721484184265137e-01 -1.363278269767761230e+00 7.279208302497863770e-02 1.070949673652648926e+00
1.188321113586425781e+00 2.099356055259704590e-01 5.777827501296997070e-01 -7.143961191177368164e-01
1.017663478851318359e+00 1.105249971151351929e-01 -7.787428498268127441e-01 -3.960809111595153809e-02
-4.019109010696411133e-01 -6.213491559028625488e-01 2.996891140937805176e-01 2.596589922904968262e-01
3.319805562496185303e-01 1.540820360183715820e+00 9.268536567687988281e-01 4.063845574855804443e-01
4.957288503646850586e-01 -3.245091438293457031e-01 7.077028155326843262e-01 -1.307821512222290039e+00
-1.122420355677604675e-01 -6.560712456703186035e-01 -1.263355374336242676e+00 3.455743193626403809e-01
-1.135589718818664551e+00 -6.785686016082763672e-01 -1.120323762297630310e-01 -3.401309847831726074e-01
1.360048770904541016e+00 1.190127253532409668e+00 -5.152084231376647949e-01 -7.860960364341735840e-01
-1.305215120315551758e+00 2.672325968742370605e-01 1.752147078514099121e+00 -4.317524656653404236e-02
5.434767603874206543e-01 2.047581672668457031e-01 -6.623424291610717773e-01 -1.340026140213012695e+00
-2.865599095821380615e-01 -3.579255342483520508e-01 -4.782172739505767822e-01 -1.400581002235412598e+00
1.961058825254440308e-01 -1.335947364568710327e-01 -1.731788925826549530e-02 -2.278099536895751953e+00
-8.203260302543640137e-01 7.514775991439819336e-01 -2.404388636350631714e-01 1.959305405616760254e-01
-3.403557538986206055e-01 6.516355872154235840e-01 -1.107212066650390625e+00 -4.095652699470520020e-01
1.471490740776062012e+00 -9.749748706817626953e-01 -1.370004534721374512e+00 1.497580707073211670e-01
-8.620075583457946777e-01 -8.221720457077026367e-01 -8.328049182891845703e-01 3.462933897972106934e-01
-2.806798815727233887e-01 7.493541240692138672e-01 6.362661123275756836e-01 1.014911293983459473e+00
-1.241307616233825684e+00 9.899448156356811523e-01 -8.678845167160034180e-01 -6.100527644157409668e-01
-1.602918207645416260e-01 -4.263289868831634521e-01 -1.293350458145141602e-01 3.702764809131622314e-01
-1.749241232872009277e+00 9.846252202987670898e-01 -2.977992892265319824e-01 -6.629267930984497070e-01
1.866797685623168945e+00 3.301358819007873535e-01 4.017689228057861328e-01 -2.266960144042968750e-01
4.714644551277160645e-01 -1.601568818092346191e+00 -1.364174038171768188e-01 3.296349197626113892e-02
7.228029370307922363e-01 -4.951806962490081787e-01 -9.774241447448730469e-01 5.355719327926635742e-01
-9.097192883491516113e-01 -1.355347394943237305e+00 -9.232672452926635742e-01 3.488419651985168457e-01
4.012649655342102051e-01 3.570473790168762207e-01 3.018488287925720215e-01 1.431033611297607422e-01
2.764683365821838379e-01 4.505729675292968750e-01 -4.944993853569030762e-01 -8.506479859352111816e-01
-1.321635246276855469e+00 -1.863745450973510742e-01 -3.364892303943634033e-01 -1.858992129564285278e-01
4.917761981487274170e-01 -8.703306317329406738e-01 -2.167125463485717773e+00 -1.291113734245300293e+00
-2.111996650695800781e+00 1.148249864578247070e+00 -2.631555199623107910e-01 6.916747093200683594e-01
-9.118564426898956299e-02 -1.989841580390930176e+00 9.690228104591369629e-02 -6.545542478561401367e-01
-1.499033927917480469e+00 -1.810584068298339844e-01 -1.058346867561340332e+00 -7.168508172035217285e-01
2.660073153674602509e-02 8.073717355728149414e-01 1.321184039115905762e+00 -6.087512373924255371e-01
-1.640412569046020508e+00 -2.671007812023162842e-01 8.825447410345077515e-02 3.009168803691864014e-01
1.494811296463012695e+00 1.930527567863464355e+00 -8.247688412666320801e-01 -1.115945100784301758e+00
-6.900628209114074707e-01 4.924697428941726685e-02 -5.741803646087646484e-01 -7.478699684143066406e-01
8.499956727027893066e-01 -2.502734899520874023e+00 -1.446114331483840942e-01 2.417495250701904297e+00
3.842079639434814453e-01 9.071357846260070801e-01 1.670792847871780396e-01 1.481012463569641113e+00
-1.157428860664367676e+00 2.266081273555755615e-01 -1.453210115432739258e+00 4.589403271675109863e-01
-5.601368546485900879e-01 -1.483544588088989258e+00 7.616414427757263184e-01 1.998603463172912598e+00
7.188306003808975220e-02 -1.310132384300231934e+00 -6.955602169036865234e-01 -4.435606896877288818e-01
-2.072618007659912109e+00 4.551371559500694275e-02 9.603282213211059570e-01 4.111342728137969971e-01
-1.475222349166870117e+00 3.185919523239135742e-01 -6.538352966308593750e-01 -5.541996955871582031e-01
3.120765686035156250e-01 2.256704568862915039e-01 -1.131105422973632812e+00 3.586008027195930481e-02
-5.129904150962829590e-01 7.421623468399047852e-01 -5.030392408370971680e-01 2.349617779254913330e-01
1.042340755462646484e+00 -3.025086522102355957e-01 3.831945955753326416e-01 7.039668560028076172e-01
1.372012943029403687e-01 -3.371802866458892822e-01 9.664166718721389771e-02 -3.198450207710266113e-01
1.384685635566711426e+00 9.536873549222946167e-03 2.530328184366226196e-02 -8.605268597602844238e-01
-3.294948339462280273e-01 -8.215906023979187012e-01 -7.216874361038208008e-01 -1.114008426666259766e+00
-3.378266692161560059e-01 1.086892634630203247e-01 -1.490792632102966309e+00 -8.822323083877563477e-01
9.970146417617797852e-01 -1.276354074478149414e+00 2.283877581357955933e-01 1.116241812705993652e+00
-5.590465664863586426e-01 4.130468666553497314e-01 -2.560090720653533936e-01 1.359454512596130371e+00
5.847505927085876465e-01 -4.161220192909240723e-01 9.646590352058410645e-01 -1.978163480758666992e+00
-4.735003411769866943e-02 2.427421659231185913e-01 -5.651388764381408691e-01 -2.725414931774139404e-01
1.744208931922912598e-01 1.071851611137390137e+00 7.808848619461059570e-01 -6.305531263351440430e-01
1.329553365707397461e+00 -6.335512995719909668e-01 -1.203238964080810547e+00 -1.001629710197448730e+00
8.774340748786926270e-01 1.377163290977478027e+00 4.589042961597442627e-01 -1.127426505088806152e+00
-5.137860178947448730e-01 -6.084421873092651367e-01 1.175755023956298828e+00 -7.885007262229919434e-01
1.717278957366943359e-01 1.333675026893615723e+00 1.406320184469223022e-01 1.610343575477600098e+00
-1.929686665534973145e+00 5.454884171485900879e-01 -1.208472847938537598e+00 5.814439058303833008e-02
9.043257832527160645e-01 1.357643842697143555e+00 6.662252545356750488e-01 -1.676159501075744629e-01
-7.024475336074829102e-01 -2.123962640762329102e-01 7.504993677139282227e-01 -1.791169166564941406e+00
5.150429531931877136e-02 6.374745368957519531e-01 -9.432216286659240723e-01 -7.430411130189895630e-02
2.970582485198974609e+00 -5.710517764091491699e-01 1.498781889677047729e-01 2.859978377819061279e-01
1.656648963689804077e-01 3.176955282688140869e-01 -4.239698350429534912e-01 -7.267572879791259766e-01
1.502120018005371094e+00 1.841253489255905151e-01 -3.084081113338470459e-01 7.925730347633361816e-01
7.313768863677978516e-01 8.019019961357116699e-01 8.280459046363830566e-01 -2.119929641485214233e-01
-5.465243458747863770e-01 1.384908556938171387e-01 3.940618634223937988e-01 -8.495231270790100098e-01
1.301801562309265137e+00 1.342223048210144043e+00 -1.206604361534118652e+00 -1.526437699794769287e-01
6.239253282546997070e-01 1.846085906028747559e+00 7.501781582832336426e-01 2.833874821662902832e-01
-8.806770443916320801e-01 -4.909783899784088135e-01 8.726133108139038086e-01 2.994398772716522217e-01
2.663681209087371826e-01 -2.033998966217041016e+00 -7.401154041290283203e-01 -9.612413644790649414e-01
4.171983897686004639e-01 3.188745677471160889e-01 -1.631001710891723633e+00 8.144129514694213867e-01
-1.142503142356872559e+00 6.425974965095520020e-01 5.441661477088928223e-01 1.716509938240051270e+00
-7.762590646743774414e-01 -8.277885913848876953e-01 -8.372290730476379395e-01 6.338180303573608398e-01
-4.517513513565063477e-01 5.630728602409362793e-01 4.281926900148391724e-03 -7.750198245048522949e-02
-1.603413343429565430e+00 1.108937621116638184e+00 6.884424686431884766e-01 -1.090623497962951660e+00
-3.470140993595123291e-01 -1.652346014976501465e+00 2.813223302364349365e-01 1.781672596931457520e+00
-2.181742787361145020e-01 -3.900868892669677734e-01 5.224757194519042969e-01 7.465121150016784668e-01
2.312486171722412109e+00 3.592311143875122070e-01 2.601315259933471680e+00 4.977016150951385498e-01
-5.883907079696655273e-01 -3.648579716682434082e-01 -4.770964980125427246e-01 -1.728782057762145996e-01
-7.116491794586181641e-01 1.163470983505249023e+00 1.245251819491386414e-01 2.943158745765686035e-01
5.731796026229858398e-01 -1.097275853157043457e+00 5.921103954315185547e-01 -8.779815435409545898e-01
1.588128328323364258e+00 2.960975468158721924e-01 2.189838886260986328e-01 6.175810694694519043e-01
2.273754835128784180e+00 8.023391962051391602e-01 1.596827149391174316e+00 -2.615333199501037598e-01
-8.312039971351623535e-01 -1.075449883937835693e-01 -1.710752010345458984e+00 1.895220160484313965e+00
1.084955811500549316e+00 1.313738822937011719e+00 -8.801551461219787598e-01 -1.360301852226257324e+00
-2.386447191238403320e+00 1.166548728942871094e+00 7.777861356735229492e-01 7.410125732421875000e-01
1.910820364952087402e+00 -1.649928927421569824e+00 -4.908424019813537598e-01 1.845831871032714844e+00
1.672478914260864258e-01 -4.795764088630676270e-01 1.445203065872192383e+00 2.033320188522338867e+00
3.528539091348648071e-02 8.211456239223480225e-02 -1.153855204582214355e+00 -5.064067244529724121e-01
3.447134017944335938e+00 1.532779097557067871e+00 -1.545110225677490234e+00 7.699556648731231689e-02
-2.053962051868438721e-01 1.312994003295898438e+00 1.789777278900146484e-01 1.212770104408264160e+00
-6.629901379346847534e-02 -7.639372348785400391e-01 -5.529739856719970703e-01 -3.128052651882171631e-01
-1.337970614433288574e+00 -8.334745764732360840e-01 -7.088545560836791992e-01 -2.248011827468872070e-01
2.218377351760864258e+00 3.347404301166534424e-02 5.942905321717262268e-02 1.295339614152908325e-01
-1.043987035751342773e+00 -1.374770402908325195e-01 7.740287184715270996e-01 1.799454689025878906e-01
-5.337199568748474121e-01 1.139450550079345703e+00 6.557866930961608887e-01 -2.161735773086547852e+00
7.474042177200317383e-01 -8.479269593954086304e-02 -6.415798664093017578e-01 -6.048582792282104492e-01
-2.445684559643268585e-02 1.377225637435913086e+00 -3.945763409137725830e-01 1.631440818309783936e-01
4.323784112930297852e-01 -1.784856170415878296e-01 1.081676721572875977e+00 -9.049632549285888672e-01
8.723577260971069336e-01 -1.427599191665649414e-01 -8.267655372619628906e-01 -4.505004286766052246e-01
-8.436651825904846191e-01 -7.471947073936462402e-01 1.775147467851638794e-01 -2.740945518016815186e-01
-2.111006677150726318e-01 3.846996426582336426e-01 1.211548686027526855e+00 1.147418975830078125e+00
1.094083905220031738e+00 -1.313653469085693359e+00 -7.520859241485595703e-01 4.311442375183105469e-01
-7.961047291755676270e-01 -2.021064758300781250e+00 1.135732293128967285e+00 5.983803793787956238e-02
8.099055886268615723e-01 5.505909323692321777e-01 -1.112330794334411621e+00 2.034323960542678833e-01
3.008365035057067871e-01 -2.808760106563568115e-01 2.349855750799179077e-01 -9.616287797689437866e-02
-1.687531709671020508e+00 7.553241848945617676e-01 -1.551420927047729492e+00 6.353872418403625488e-01
-1.375686049461364746e+00 -2.217669963836669922e+00 1.219350919127464294e-01 -7.090182602405548096e-02
6.514428257942199707e-01 -7.743205428123474121e-01 4.468223452568054199e-01 1.739720106124877930e+00
-8.183278441429138184e-01 -1.038185209035873413e-01 3.887783288955688477e-01 -1.333706378936767578e-01
-2.229468673467636108e-01 1.820225119590759277e-01 -1.565212488174438477e+00 1.116574183106422424e-01
-3.047969341278076172e-01 3.128033578395843506e-01 -8.611486107110977173e-02 7.133212685585021973e-01
5.990725159645080566e-01 -5.561792254447937012e-01 -7.908014953136444092e-02 9.372932910919189453e-01
4.735416471958160400e-01 -7.141705155372619629e-01 5.049949288368225098e-01 1.050993919372558594e+00
-4.728098511695861816e-01 -3.990345299243927002e-01 4.094125628471374512e-01 -1.681073457002639771e-01
-7.008315920829772949e-01 -2.573449373245239258e+00 1.065355017781257629e-01 1.219936758279800415e-01
1.466875970363616943e-01 -1.007462143898010254e+00 -1.021677494049072266e+00 -6.716994047164916992e-01
-6.927189230918884277e-01 -6.297467648983001709e-02 8.427975773811340332e-01 6.823467612266540527e-01
3.399634361267089844e-01 9.150642752647399902e-01 -4.819272160530090332e-01 -1.430198997259140015e-01
-1.369577050209045410e+00 2.432862073183059692e-01 -1.323518872261047363e+00 7.989736795425415039e-01
9.806619286537170410e-01 -9.804311990737915039e-01 -4.287368953227996826e-01 -7.066219449043273926e-01
-4.016074836254119873e-01 -1.161033511161804199e-01 3.378358483314514160e-01 -8.985649049282073975e-02
7.058244347572326660e-01 2.227696329355239868e-01 7.169860601425170898e-02 6.623147726058959961e-01
-4.840596318244934082e-01 -1.996773958206176758e+00 9.189291298389434814e-02 -6.027384996414184570e-01
-5.122335553169250488e-01 -6.738723516464233398e-01 6.471842527389526367e-02 6.435044407844543457e-01
8.956692218780517578e-01 -4.713083207607269287e-01 1.872699409723281860e-01 1.560943126678466797e+00
1.542057991027832031e+00 -5.743934512138366699e-01 -5.184004902839660645e-01 -3.732445538043975830e-01
6.232830286026000977e-01 -3.887033164501190186e-01 -1.652056872844696045e-01 3.260048106312751770e-02
6.528945565223693848e-01 -8.941641449928283691e-01 -3.524912521243095398e-02 5.277818441390991211e-01
-1.517505645751953125e+00 1.792502403259277344e+00 1.847478151321411133e+00 -1.356320530176162720e-01
1.546031475067138672e+00 8.917644619941711426e-01 -7.870753407478332520e-01 9.138091802597045898e-01
5.936313867568969727e-01 2.247828960418701172e+00 -6.814011335372924805e-01 1.697306156158447266e+00
7.563813030719757080e-02 3.521071910858154297e+00 -1.254346609115600586e+00 5.068047642707824707e-01
3.659680783748626709e-01 -9.453522562980651855e-01 3.532869219779968262e-01 -7.106066495180130005e-02
-5.928081870079040527e-01 7.828850150108337402e-01 -1.353667259216308594e+00 -2.896585762500762939e-01
-1.524530500173568726e-01 7.120551466941833496e-01 -4.589763879776000977e-01 -3.869264423847198486e-01
1.831666469573974609e+00 -2.834159433841705322e-01 6.136940717697143555e-01 3.049724698066711426e-01
-1.007332086563110352e+00 1.842533349990844727e+00 -1.241970062255859375e-01 1.305931806564331055e+00
1.614790201187133789e+00 -1.512258946895599365e-01 1.208811402320861816e+00 -6.768092513084411621e-01
-7.366658002138137817e-02 9.003617763519287109e-01 -1.007532835006713867e+00 -9.095082283020019531e-01
-2.484146878123283386e-02 -4.821119010448455811e-01 -5.874437047168612480e-04 6.164308786392211914e-01
1.690961003303527832e+00 -2.224846839904785156e+00 -1.935882449150085449e+00 2.627017498016357422e-01
-9.671664237976074219e-01 -9.116413593292236328e-01 4.264895021915435791e-01 -5.741403102874755859e-01
-5.840488672256469727e-01 4.536993801593780518e-01 -1.120118260383605957e+00 2.976677119731903076e-01
-9.188045859336853027e-01 6.314845383167266846e-02 -8.290956020355224609e-01 -1.046933904290199280e-01
-1.257801532745361328e+00 -9.424508363008499146e-02 -4.997758865356445312e-01 -1.581809520721435547e+00
7.929901033639907837e-02 -9.779909253120422363e-01 1.403780460357666016e+00 -3.455058038234710693e-01
-4.361528754234313965e-01 -9.058992862701416016e-01 -9.530103206634521484e-01 -8.443925976753234863e-01
1.995610117912292480e+00 1.576085686683654785e+00 2.477522492408752441e-01 -6.469224095344543457e-01
-1.741658747196197510e-01 1.495503783226013184e-01 5.880124568939208984e-01 -1.700177907943725586e+00
1.934775829315185547e+00 -4.844916462898254395e-01 -6.930335164070129395e-01 6.239472627639770508e-01
-1.066230535507202148e+00 8.365208506584167480e-01 5.262086987495422363e-01 -6.653062105178833008e-01
-5.994707345962524414e-02 -1.091089010238647461e+00 -7.646968960762023926e-01 1.538501024246215820e+00
1.328048467636108398e+00 -7.028948068618774414e-01 -3.209634721279144287e-01 1.809128969907760620e-01
1.594717979431152344e+00 -1.279342532157897949e+00 -4.557758867740631104e-01 -7.713388800621032715e-01
-6.947334408760070801e-01 -3.542464971542358398e-01 -1.040610074996948242e+00 -4.290503859519958496e-01
-4.390274286270141602e-01 -3.121165931224822998e-01 -6.812238693237304688e-01 1.708051204681396484e+00
-1.912282258272171021e-01 -1.094228148460388184e+00 -1.256753683090209961e+00 2.235192805528640747e-01
1.119941353797912598e+00 -5.593087077140808105e-01 -6.710909008979797363e-01 1.978377848863601685e-01
-1.132847547531127930e+00 1.200152397155761719e+00 9.869276732206344604e-02 8.923361897468566895e-01
-4.706158936023712158e-01 -3.663963973522186279e-01 -1.784953236579895020e+00 -1.777788624167442322e-02
-1.486473202705383301e+00 -7.719173431396484375e-01 -1.337624490261077881e-01 3.268119096755981445e-01
8.649767637252807617e-01 -9.185550212860107422e-01 -1.483752965927124023e+00 5.020658671855926514e-02
-2.083476632833480835e-01 8.016203641891479492e-01 -2.697970271110534668e-01 -6.260744929313659668e-01
-1.505146026611328125e+00 -1.365483045578002930e+00 5.147207155823707581e-02 4.285334348678588867e-01
8.666106462478637695e-01 -5.756207108497619629e-01 -7.859207987785339355e-01 -6.356140971183776855e-01
